22 5 5 5 11 9 11 9 11 9 26 26 25 18 5 16 6 26 26 21 23 23 23 21 21 21 
22 5 
5 22 5 5 11 9 11 9 11 9 26 26 26 23 23 23 21 20 21 21 
22 5 5 
22 5 5 
22 5 5 
22 5 5 5 26 26 26 11 9 11 9 11 9 4 4 3 2 2 23 23 23 21 21 20 21 
22 5 5 5 25 11 9 11 9 11 9 26 26 26 18 6 5 16 26 21 23 23 23 21 21 21 
5 22 
5 22 
22 5 5 
5 5 5 22 11 9 26 11 9 11 9 26 26 25 18 5 6 16 26 26 21 23 23 23 23 21 20 21 21 
22 5 5 5 26 26 26 11 9 11 9 11 9 23 23 23 21 21 21 20 
5 5 5 22 25 11 9 11 9 11 9 26 26 26 18 5 6 16 26 21 23 23 23 21 21 21 
5 22 5 5 11 9 11 9 11 9 26 26 26 23 23 23 21 21 21 20 
5 5 5 22 11 9 11 9 11 9 26 26 26 23 23 23 21 21 21 20 
5 22 5 
5 5 5 22 11 9 11 9 11 9 26 26 26 23 23 23 21 21 21 20 
5 22 5 5 11 9 11 9 11 9 26 26 26 4 4 3 23 23 23 21 21 20 21 
22 5 
5 22 5 5 11 9 26 11 9 11 9 26 25 18 5 6 16 26 26 21 23 23 23 21 21 21 
5 22 5 5 11 9 11 9 11 9 26 26 26 23 23 23 21 21 20 21 
5 5 5 22 11 9 11 9 11 9 26 26 26 23 23 23 21 20 21 21 
5 22 5 5 11 9 11 9 11 9 26 26 26 4 3 3 4 3 23 23 23 21 20 21 21 
5 22 5 
5 5 5 22 11 9 11 9 11 9 25 26 26 26 5 18 16 6 26 21 23 23 23 23 20 21 21 21 
5 5 22 
5 22 5 5 11 9 11 9 11 9 26 26 26 23 23 23 21 21 20 21 20 
5 5 22 
5 22 5 5 11 9 26 11 9 11 9 26 26 4 4 3 2 23 23 23 21 21 28 26 21 
5 5 5 22 11 9 11 9 11 9 26 26 26 2 23 23 23 21 20 21 21 
5 5 22 5 11 9 11 9 11 9 26 26 26 27 23 23 23 21 21 21 
5 5 5 22 11 9 11 9 11 9 26 26 25 5 18 16 6 26 26 23 23 23 23 21 21 21 21 
22 5 
22 5 5 5 26 26 26 13 11 9 13 11 9 13 11 9 2 3 23 23 23 21 21 21 
5 22 5 
5 22 5 5 11 9 11 9 11 9 25 26 26 26 5 18 6 16 26 21 23 23 23 23 21 20 21 21 
5 5 5 22 11 9 26 11 9 11 9 26 25 18 5 6 16 26 26 21 23 23 23 21 21 21 
5 22 
5 5 22 5 11 9 11 9 11 9 26 26 25 18 5 26 6 16 26 21 23 23 23 21 21 21 
22 5 5 5 11 9 11 9 11 9 26 26 26 23 23 23 21 21 21 20 
5 22 
5 22 5 5 11 9 16 11 9 6 5 11 9 18 25 26 26 26 26 21 23 23 23 21 21 21 
22 5 5 
5 5 22 5 11 9 11 9 11 9 26 26 25 26 18 5 16 6 26 21 23 23 23 23 21 20 21 21 
22 5 5 5 26 26 26 11 9 11 9 11 9 23 23 23 21 20 21 21 
22 5 5 5 26 11 9 11 9 11 9 25 26 26 18 5 26 6 16 21 3 2 2 23 23 23 21 21 21 
5 5 5 22 11 9 11 9 26 26 11 9 26 18 25 5 6 16 26 26 21 23 23 23 21 21 21 
22 5 5 
22 5 5 
22 5 5 5 26 26 26 11 9 11 9 11 9 2 23 23 23 21 21 28 26 21 
5 5 5 22 11 9 11 9 11 9 26 26 26 4 3 4 23 23 23 21 21 28 26 21 
5 22 
5 5 22 5 11 9 11 9 26 26 26 11 9 4 3 25 5 18 6 16 26 26 21 25 18 5 16 6 26 26 21 4 23 23 23 21 21 21 
5 22 
5 5 22 5 11 9 11 9 28 26 28 26 28 26 11 9 21 21 21 
5 5 22 5 11 9 11 9 9 26 26 11 26 18 25 5 6 16 26 26 21 23 23 23 23 20 21 21 21 
5 22 5 
5 5 5 22 11 9 9 11 9 26 26 26 11 23 23 23 21 21 21 20 
22 5 5 
5 22 5 5 11 9 11 9 11 9 26 26 27 26 23 23 23 21 21 21 
5 5 22 
5 5 22 5 25 11 9 11 9 11 9 26 26 26 18 5 6 16 26 21 23 23 23 21 21 21 
5 5 5 22 11 9 11 9 11 9 26 26 27 26 
5 22 5 5 26 26 26 11 9 11 9 11 9 23 23 23 21 21 28 26 21 
5 5 22 5 11 9 11 9 11 9 26 26 26 25 18 5 6 16 26 26 21 23 23 23 21 21 21 
22 5 5 5 11 9 26 26 11 9 26 11 9 3 4 3 25 5 18 16 6 26 26 21 2 25 5 18 6 16 26 26 21 3 4 3 23 23 23 21 21 21 
22 5 5 5 11 9 11 9 11 9 26 25 26 26 5 18 6 16 26 21 4 3 4 23 23 23 21 21 21 
22 5 5 
5 5 5 22 11 9 11 9 11 9 26 26 26 25 18 5 16 6 26 26 21 23 23 23 21 21 21 
22 5 5 
5 5 5 22 11 9 11 9 26 26 11 9 26 23 23 23 21 21 21 20 
5 5 5 22 11 9 11 9 11 9 26 26 25 5 18 26 6 16 26 21 2 23 23 23 21 21 21 
5 5 5 22 25 11 9 11 9 11 9 26 26 26 18 5 6 16 26 21 23 23 23 23 21 21 21 20 
22 5 5 
5 22 5 
5 22 5 
22 5 5 5 26 26 26 11 9 11 9 11 9 3 3 4 3 3 4 3 3 4 23 23 23 21 21 21 20 
5 5 5 22 11 9 11 9 11 9 26 26 26 23 23 23 21 20 21 21 
5 5 5 22 11 9 11 9 11 9 26 26 25 26 16 6 5 18 26 21 23 23 23 21 21 21 
5 5 22 5 11 9 11 9 11 9 26 26 26 23 23 23 21 21 20 21 
5 22 5 5 26 26 11 9 11 9 11 9 26 23 23 23 21 21 20 21 
5 22 
5 22 
5 22 
5 22 
5 5 5 22 11 9 11 9 11 9 26 26 27 26 23 23 23 21 21 21 
5 5 22 5 11 9 11 9 26 26 26 11 9 3 4 3 25 18 5 6 16 26 26 21 25 18 5 16 6 26 26 21 23 23 23 21 21 21 
5 5 22 
5 22 
22 5 5 
22 5 5 5 11 9 11 9 11 9 26 26 26 25 18 5 16 6 26 26 21 23 23 23 21 21 21 
5 5 5 22 11 9 11 9 11 9 26 26 26 23 23 23 21 20 21 21 
22 5 5 
5 22 5 5 11 9 26 11 9 26 26 11 9 3 3 4 25 18 5 16 6 26 26 21 25 5 18 16 6 26 26 21 3 3 4 23 23 23 21 21 21 
22 5 5 
5 22 5 5 11 9 11 9 11 9 26 26 26 23 23 23 21 21 21 20 
5 5 5 22 11 9 11 9 11 9 26 26 26 23 23 23 21 21 21 20 
5 22 5 5 11 9 26 11 9 11 9 26 26 25 18 5 6 16 26 26 21 23 23 23 21 21 21 
5 22 5 5 11 9 11 9 11 9 26 26 26 23 23 23 21 21 21 20 20 
5 5 5 22 11 9 11 9 11 9 26 26 26 23 23 23 21 21 20 21 
5 5 5 22 11 9 11 9 11 9 26 26 25 5 18 16 6 26 26 23 23 23 23 21 21 21 21 
5 5 5 22 11 9 11 9 11 9 26 26 26 25 18 5 16 6 26 2 26 21 23 23 23 23 21 20 21 21 
22 5 5 5 11 9 11 9 26 26 26 11 9 4 3 2 2 3 25 18 5 16 6 26 26 21 25 5 18 6 16 26 26 21 4 3 23 23 23 21 21 21 
5 22 
22 5 5 
22 5 
5 5 5 22 11 9 11 9 11 9 26 26 26 23 23 23 21 21 21 20 
5 5 22 5 11 9 11 9 11 9 26 26 27 26 23 23 23 21 21 21 
22 5 5 5 11 9 11 9 26 11 9 26 26 2 23 23 23 21 21 21 20 
5 5 5 22 13 11 9 13 11 9 13 11 9 26 26 26 23 23 23 21 21 21 
5 22 5 5 11 9 11 9 11 9 26 26 26 23 23 23 21 21 20 21 
5 5 5 22 11 9 11 9 11 9 26 26 26 25 5 18 16 6 26 26 21 23 23 23 21 21 21 
5 22 
22 5 
5 5 22 5 11 9 11 9 11 9 26 26 26 23 23 23 21 20 21 21 
5 5 22 5 11 9 11 9 11 9 26 26 26 4 4 3 23 23 23 21 21 28 26 21 
5 5 5 22 11 9 11 9 26 26 11 9 26 23 23 23 21 21 20 21 
5 22 5 5 13 11 9 13 11 9 13 11 9 26 26 26 23 23 23 21 21 21 
5 5 22 5 11 9 11 9 11 9 26 26 26 23 23 23 21 20 21 21 
22 5 5 5 26 26 26 11 9 11 9 11 9 4 3 4 2 23 23 23 21 21 20 21 
22 5 5 
5 5 5 22 26 26 26 11 9 11 9 11 9 23 23 23 21 21 20 21 
5 5 5 22 11 9 11 9 11 9 26 26 26 25 18 5 16 6 26 26 21 23 23 23 21 21 21 20 
22 5 5 5 26 26 11 9 11 9 26 11 9 3 3 4 3 3 4 3 3 4 23 23 23 21 20 21 21 
5 5 22 
5 5 5 22 11 9 11 9 26 11 9 26 26 23 23 23 21 21 20 21 
5 5 22 5 11 9 11 9 26 26 26 11 9 23 23 23 21 21 21 20 
5 5 5 22 11 9 11 9 11 9 26 26 26 23 23 23 21 20 21 21 
22 5 5 5 26 26 11 9 11 9 11 9 25 26 18 6 5 26 16 21 3 2 2 23 23 23 21 21 21 
5 5 22 
22 5 5 5 26 26 26 11 9 11 9 11 9 23 23 23 21 21 20 21 
5 22 5 5 11 9 11 9 11 9 26 26 26 25 18 5 16 6 26 26 21 23 23 23 21 21 21 
22 5 
5 5 22 5 11 9 11 9 11 9 26 26 26 23 23 23 21 21 20 21 
5 5 5 22 11 9 11 9 11 9 26 26 26 23 23 23 21 21 21 20 
5 22 5 5 11 9 11 9 26 26 11 9 26 25 18 5 6 16 26 26 21 23 23 23 21 21 21 20 
5 5 22 5 11 9 11 9 11 9 26 26 26 3 3 4 23 23 23 21 20 21 21 
5 11 9 5 11 9 5 11 9 26 26 22 26 25 18 5 16 6 26 26 21 23 23 23 23 21 20 21 21 20 
5 22 5 5 11 9 11 9 11 9 26 26 25 5 18 6 16 26 26 23 23 23 23 21 21 21 21 
22 5 
5 22 
5 22 5 5 11 9 26 26 11 9 11 9 26 23 23 23 21 20 21 21 
5 5 22 
5 22 5 
5 5 5 22 11 9 26 11 9 11 9 26 26 23 23 23 21 21 21 20 
22 5 5 
5 5 5 22 11 9 11 9 11 9 26 26 26 25 18 5 16 26 6 26 21 23 23 23 23 21 20 21 21 
5 5 5 22 11 9 11 9 11 9 26 26 26 23 23 23 21 20 21 21 
22 5 5 5 26 26 11 9 11 9 11 9 26 27 4 3 4 23 23 23 21 21 21 
22 5 5 5 11 9 26 26 11 9 11 9 26 27 2 2 23 23 23 21 21 21 
5 5 22 
5 5 22 5 9 11 11 9 11 9 26 26 26 23 23 23 21 21 20 21 
5 5 22 
5 22 
22 5 5 5 26 26 26 11 9 11 9 11 9 23 23 23 21 21 28 26 21 
5 22 5 5 11 9 11 9 11 9 26 26 25 18 5 6 16 26 26 21 23 23 23 21 21 21 
5 22 5 
5 5 5 22 11 9 11 9 11 9 26 26 26 23 23 23 21 21 20 21 
5 5 22 5 11 9 11 9 26 26 26 11 9 23 23 23 21 20 21 21 
5 22 
22 5 5 
5 5 5 22 11 9 11 9 11 9 26 26 26 23 23 23 21 21 20 21 
5 5 22 5 13 11 9 13 11 9 13 11 9 26 26 26 23 23 23 21 21 21 
5 22 5 5 11 9 11 9 11 9 25 26 26 26 6 5 16 18 26 21 23 23 23 21 21 21 
5 22 
5 5 5 22 11 9 11 9 11 9 26 26 27 26 23 23 23 21 21 21 
22 5 5 
